%YAML:1.0
---
centers: [ 3.61156128e+02, 1.82004883e+02, 3.59784485e+02,
    2.00593369e+02, 3.57553955e+02, 2.20401535e+02, 3.52662964e+02,
    2.41543259e+02, 3.47504395e+02, 2.63124542e+02, 3.41354614e+02,
    2.85738098e+02, 3.32581177e+02, 3.05067719e+02, 3.23207825e+02,
    3.24994568e+02, 3.15194031e+02, 3.41232880e+02, 3.03653320e+02,
    3.56689850e+02, 3.45108551e+02, 1.72864822e+02, 3.43782440e+02,
    1.92416687e+02, 3.40597534e+02, 2.12796967e+02, 3.36385834e+02,
    2.34446976e+02, 3.30168213e+02, 2.57267181e+02, 3.22838257e+02,
    2.79584106e+02, 3.14487976e+02, 3.01437439e+02, 3.05605225e+02,
    3.20850281e+02, 2.95451843e+02, 3.38227417e+02, 2.87394043e+02,
    3.54316284e+02, 3.27046692e+02, 1.66205582e+02, 3.25851868e+02,
    1.84928329e+02, 3.21742706e+02, 2.04842697e+02, 3.16767853e+02,
    2.27179764e+02, 3.10659729e+02, 2.50440903e+02, 3.02755157e+02,
    2.73568604e+02, 2.94593933e+02, 2.95722260e+02, 2.85620880e+02,
    3.16662933e+02, 2.77462799e+02, 3.34295746e+02, 2.68581512e+02,
    3.51573212e+02, 3.08044708e+02, 1.56671173e+02, 3.05744354e+02,
    1.75908783e+02, 3.00953857e+02, 1.96990189e+02, 2.95547363e+02,
    2.19485092e+02, 2.88501282e+02, 2.43096405e+02, 2.80968567e+02,
    2.67093201e+02, 2.72612488e+02, 2.89916168e+02, 2.64556519e+02,
    3.10665771e+02, 2.55616486e+02, 3.29880096e+02, 2.47953506e+02,
    3.45750458e+02, 2.88000183e+02, 1.50406158e+02, 2.83735901e+02,
    1.68989075e+02, 2.78667511e+02, 1.89278839e+02, 2.72415527e+02,
    2.11806046e+02, 2.65421631e+02, 2.35568665e+02, 2.57649780e+02,
    2.59607208e+02, 2.49577667e+02, 2.82785339e+02, 2.41840286e+02,
    3.04332092e+02, 2.34517029e+02, 3.23091644e+02, 2.27339386e+02,
    3.39415375e+02, 2.66877228e+02, 1.44653824e+02, 2.61552765e+02,
    1.61981125e+02, 2.55332031e+02, 1.82074097e+02, 2.48788208e+02,
    2.04409760e+02, 2.41386078e+02, 2.27949371e+02, 2.33813797e+02,
    2.51795135e+02, 2.26446747e+02, 2.74938690e+02, 2.19156967e+02,
    2.96467163e+02, 2.12869217e+02, 3.15573914e+02, 2.07038605e+02,
    3.32454346e+02, 2.45585449e+02, 1.39083389e+02, 2.39460388e+02,
    1.56862045e+02, 2.32471771e+02, 1.76354660e+02, 2.25217361e+02,
    1.97711243e+02, 2.17711960e+02, 2.20845413e+02, 2.10562744e+02,
    2.44017929e+02, 2.03588089e+02, 2.66808777e+02, 1.97547379e+02,
    2.88192413e+02, 1.91705933e+02, 3.07418762e+02, 1.87241516e+02,
    3.23481384e+02 ]
